3    111    111    2

4    0000    1111    2

5    01100    01111    8

6    100101    111100    8

7    0011011    1100011    8

8    10100111    10010010    30

9    010111011    111100101    33

10    1101111101    0010011010    119

11    00111001000    10010111110    124

12    101001111101    110110100100    718

13    1010111111100    1010100001001    2689

14    10000111110010    00000001110001    8276

15    110001001011000    010001110111011    44772

16    1001101000000110    1100011100000011    134186

17    01001111010101101    10000110010111000    286908

18    001000001000111000    111011001111111110    453597