3    111    111    360260235361984210161077956987025264    632769071343195876979941301146257583
4    0000    1111    609228231054542638382713869218498149    234723517997062152972364799901582179
5    01100    01111    432652825086934637778871831278283862    1122656780255536988673687371760564730
6    100101    111100    563107308563111652788408336888984146    1236237342862838787100514756899313205
7    0011011    1100011    593733496345419607588536045546142037    1252472253098757386117808011394947197
8    10100111    10010010    458573264285765991278985658595888690    938662367827540710690892025831763546
9    010111011    111100101    578641018506446901172352062682720620    1120007811468155600356833750008689609
10    1101111101    0010011010    604586407385576278147382898278416994    291196922689500565326187348831163232
11    00111001000    10010111110    255767719053779692209561864451536238    1055704060644987409618393677722384100
12    101001111101    110110100100    515382792536256801428085856691184716    706090616723803038580690852987348191
13    1010111111100    1010100001001    427802160958694557901104937516235331    374847107631128916647655582746104036
14    10000111110010    00000001110001    562784137181965627750917582766558545    277638941637961029662310590524440499
15    110001001011000    010001110111011    454151864820449267029031916587273031    982839697407032498840084909083869067
16    1001101000000110    1100011100000011    385330778595836794366955956084171371    678158377693424610222549772995515375
17    01001111010101101    10000110010111000    599231943854982411584302658731061317    274434379415136604201381832466843033
18    001000001000111000    111011001111111110    593045650409116106832651061950887784    1084337588254792506061689360478358739
19    1010000100011010000    1000001101000110000    438471644333846305549671045869759056    620055826649678877485026563300238617
20    11101001110111101100    01111110001101100111    599370827075080617074718748430193513    307735807041903037193427513776204131
